-- Se agregan más instancias de este npc ya que hay 2 en la misma zona donde deben haber al menos 15
-- npc 47728 https://es.wowhead.com/npc=47728

-- Nota al ejecutar los insert, NI PUTA IDEA DE PORQUE FAYAN.

insert into `creature` values (998118, 47728, 0, 4922, 5641, 1, 1, 34542, 0, -3788.66, -4464.09, 194.152, 2.08056, 300, 0, 0, 51597, 8726, 0, 0, 0, 0, 0, 0, 0);
insert into `creature` values (998119, 47728, 0, 4922, 5641, 1, 1, 34542, 0, -3804.56, -4430.45, 199.136, 2.08056, 300, 0, 0, 51597, 8726, 0, 0, 0, 0, 0, 0, 0);
insert into `creature` values (998120, 47728, 0, 4922, 5641, 1, 1, 34542, 0, -3843.87, -4439.43, 191.559, 2.08056, 300, 0, 0, 51597, 8726, 0, 0, 0, 0, 0, 0, 0);
insert into `creature` values (998121, 47728, 0, 4922, 5641, 1, 1, 34542, 0, -3867.31, -4466.63, 185.012, 2.08056, 300, 0, 0, 51597, 8726, 0, 0, 0, 0, 0, 0, 0);
insert into `creature` values (998122, 47728, 0, 4922, 5641, 1, 1, 34542, 0, -3871.54, -4515.21, 176.097, 2.08056, 300, 0, 0, 51597, 8726, 0, 0, 0, 0, 0, 0, 0);
insert into `creature` values (998128, 47728, 0, 4922, 5641, 1, 1, 34542, 0, -3881.25, -4550.82, 166.902, 2.08056, 300, 0, 0, 51597, 8726, 0, 0, 0, 0, 0, 0, 0);
insert into `creature` values (998129, 47728, 0, 4922, 5641, 1, 1, 34542, 0, -3877.13, -4586.92, 153.535, 2.08056, 300, 0, 0, 51597, 8726, 0, 0, 0, 0, 0, 0, 0);
insert into `creature` values (998130, 47728, 0, 4922, 5641, 1, 1, 34542, 0, -3827.35, -4620.12, 151.869, 2.08056, 300, 0, 0, 51597, 8726, 0, 0, 0, 0, 0, 0, 0);
