-- Se agregan más instancias de este npc ya que hay 1 en la misma zona donde deben haber al menos 15
-- npc 47724 https://es.wowhead.com/npc=47724

-- Nota al ejecutar los insert, NI PUTA IDEA DE PORQUE FAYAN.

insert into `creature` values (998723, 47724, 0, 4922, 5641, 1, 1, 35796, 0, -3787.66, -4465.09, 194.152, 3.65426, 300, 0, 0, 68191, 19394, 0, 0, 0, 0, 0, 0, 0);
insert into `creature` values (998724, 47724, 0, 4922, 5641, 1, 1, 35796, 0, -3803.56, -4431.45, 199.136, 3.65426, 300, 0, 0, 68191, 19394, 0, 0, 0, 0, 0, 0, 0);
insert into `creature` values (998725, 47724, 0, 4922, 5641, 1, 1, 35796, 0, -3842.87, -4440.43, 191.559, 3.65426, 300, 0, 0, 68191, 19394, 0, 0, 0, 0, 0, 0, 0);
insert into `creature` values (998726, 47724, 0, 4922, 5641, 1, 1, 35796, 0, -3866.31, -4467.63, 185.012, 3.65426, 300, 0, 0, 68191, 19394, 0, 0, 0, 0, 0, 0, 0);
insert into `creature` values (998727, 47724, 0, 4922, 5641, 1, 1, 35796, 0, -3870.54, -4516.21, 176.097, 3.65426, 300, 0, 0, 68191, 19394, 0, 0, 0, 0, 0, 0, 0);
insert into `creature` values (998731, 47724, 0, 4922, 5641, 1, 1, 35796, 0, -3880.25, -4551.82, 166.902, 3.65426, 300, 0, 0, 68191, 19394, 0, 0, 0, 0, 0, 0, 0);
insert into `creature` values (998732, 47724, 0, 4922, 5641, 1, 1, 35796, 0, -3876.13, -4587.92, 153.535, 3.65426, 300, 0, 0, 68191, 19394, 0, 0, 0, 0, 0, 0, 0);
insert into `creature` values (998733, 47724, 0, 4922, 5641, 1, 1, 35796, 0, -3826.35, -4621.12, 151.869, 3.65426, 300, 0, 0, 68191, 19394, 0, 0, 0, 0, 0, 0, 0);
